6
60
200
57 53 
44 55 
20 49 
29 56 
20 23 
5 25 
46 36 
30 50 
29 37 
34 21 
5 36 
59 35 
60 7 
42 19 
15 5 
3 22 
44 39 
28 45 
34 51 
13 24 
22 20 
44 4 
3 48 
37 57 
52 31 
44 5 
32 57 
21 2 
56 47 
13 8 
24 47 
49 10 
10 52 
56 29 
55 46 
40 16 
36 8 
1 49 
58 56 
55 29 
18 17 
16 40 
4 3 
26 58 
4 15 
40 18 
15 16 
27 55 
5 12 
49 46 
22 56 
15 58 
20 8 
54 50 
30 41 
37 22 
11 45 
44 27 
43 7 
59 36 
22 11 
2 57 
19 21 
2 13 
46 54 
49 24 
9 27 
18 50 
56 38 
34 33 
60 12 
29 52 
16 5 
39 54 
9 26 
35 17 
55 49 
61 39 
45 24 
14 51 
3 27 
51 58 
58 13 
22 32 
9 29 
3 6 
55 41 
2 1 
31 32 
6 38 
60 23 
18 1 
4 48 
55 10 
56 39 
56 43 
28 11 
19 32 
55 11 
40 21 
2 54 
20 36 
24 28 
4 36 
6 55 
25 6 
33 40 
27 2 
49 32 
29 46 
53 50 
11 35 
15 8 
10 48 
1 40 
38 33 
24 23 
9 56 
2 8 
26 56 
45 1 
16 33 
52 1 
32 51 
27 32 
10 22 
36 20 
12 53 
34 50 
45 40 
38 13 
5 35 
40 49 
51 49 
30 15 
23 21 
37 28 
13 47 
9 53 
34 56 
54 8 
15 21 
19 25 
19 42 
29 33 
22 50 
30 53 
27 11 
9 41 
34 17 
43 52 
9 35 
55 40 
29 48 
58 59 
17 3 
49 59 
59 58 
43 10 
38 30 
7 43 
59 20 
56 20 
4 16 
56 27 
23 48 
5 49 
58 30 
47 43 
57 5 
17 35 
33 12 
5 43 
19 58 
38 27 
22 28 
55 43 
61 2 
28 55 
33 17 
9 22 
24 33 
49 30 
9 51 
38 37 
52 37 
58 47 
6 40 
9 55 
16 25 
48 12 
4 38 
60 37 
16 7 
11 25 
28 7 
57 42 
15 28 
43 23 
14 41
406
50 60
41 59
26 37
35 16
37 59
10 41
43 20
21 5
39 60
60 9
12 30
2 29
8 4
14 47
16 51
16 14
14 56
15 20
6 24
60 9
34 31
36 33
27 7
39 59
30 24
57 57
30 41
23 12
19 5
7 19
7 6
54 34
15 54
51 58
11 23
14 3
44 49
24 16
5 17
28 39
29 24
11 50
33 19
25 18
11 60
41 11
2 10
23 6
30 21
48 52
52 3
10 9
10 58
28 49
25 35
30 1
29 58
3 41
32 59
5 8
58 36
34 50
1 20
33 19
50 33
15 1
59 10
8 19
9 7
41 50
24 41
14 20
53 36
35 22
4 27
25 20
18 35
52 36
7 17
32 7
8 33
36 60
35 16
45 9
55 1
5 14
60 8
47 53
21 22
31 16
44 53
59 7
14 34
16 36
24 26
42 27
52 4
21 24
43 9
4 51
42 45
37 51
25 24
21 16
46 51
17 30
36 31
5 50
13 8
55 18
46 36
18 39
6 51
3 13
27 55
2 29
33 16
59 24
48 36
14 20
50 1
36 34
60 22
44 4
60 12
6 9
11 37
48 55
7 55
60 47
50 18
20 9
34 36
25 17
60 41
39 9
11 37
12 19
11 9
15 6
2 2
44 43
40 46
26 25
33 9
11 1
19 43
6 46
39 23
28 38
34 5
46 16
15 55
58 22
48 12
13 51
28 25
1 58
16 18
3 3
40 58
1 5
16 18
10 31
47 11
12 43
52 22
40 22
56 58
8 11
33 31
11 53
48 41
41 33
54 38
46 2
57 34
60 42
5 24
54 35
50 4
17 25
26 32
6 9
59 4
4 60
55 28
52 43
20 45
21 58
54 22
22 13
17 28
5 23
49 56
29 21
7 18
25 17
32 1
6 14
11 22
57 10
16 31
9 52
13 26
19 51
33 16
11 20
38 5
17 39
24 15
51 6
24 1
41 15
35 48
36 13
4 3
42 55
38 36
30 8
21 54
10 42
26 4
22 3
51 28
59 17
26 16
53 58
36 45
40 7
25 5
27 60
51 22
9 45
5 5
17 30
57 11
46 9
59 5
40 50
31 57
53 56
38 29
54 19
6 11
1 42
21 23
22 2
40 41
35 31
45 14
54 52
42 33
34 41
9 16
60 40
57 38
11 13
42 26
12 25
31 2
18 51
4 57
34 43
13 3
42 48
57 42
25 32
15 15
53 30
50 53
26 6
49 35
5 51
17 51
1 13
59 30
18 21
41 44
8 8
48 36
17 10
5 34
42 51
2 13
38 20
26 41
1 60
32 46
36 20
31 58
26 13
46 52
10 22
4 58
54 54
36 43
58 19
1 45
52 50
2 55
32 16
42 32
17 9
10 48
38 47
12 11
38 29
59 14
31 27
18 17
34 25
34 20
49 4
55 43
8 3
31 20
3 21
38 15
58 5
49 12
34 3
19 10
22 22
36 4
60 23
46 2
57 32
59 29
20 25
6 29
58 26
44 47
2 47
10 39
53 16
33 41
23 28
31 18
48 58
10 25
33 35
9 42
51 41
12 33
23 15
20 38
53 49
42 46
47 3
12 59
1 20
40 13
51 41
54 7
56 28
56 28
3 48
9 8
12 28
12 41
47 4
14 10
34 36
39 28
19 2
17 18
21 14
25 35
23 12
22 13
20 10
57 48
13 3
16 57
27 12
40 50
50 11
4 46
42 57
29 29
35 6
2 51
24 39
47 47
15 14
60 7
3 52
30 3
34 25
9 31
54 19
28 45
20 16
16 21
7 26
12 14
26 37
22 59
48 8
37 58
12 15
4 45
52 10
26 57
45 28
