4
50
500
34 44 
27 45 
8 36 
48 22 
2 12 
33 6 
15 46 
23 19 
47 35 
40 50 
16 18 
49 24 
25 45 
46 3 
49 5 
21 49 
19 29 
41 44 
14 15 
29 21 
32 43 
30 25 
18 50 
12 17 
17 27 
41 4 
37 48 
47 27 
8 15 
34 27 
50 33 
14 16 
6 22 
11 23 
3 32 
44 35 
21 9 
35 45 
7 33 
30 17 
7 38 
5 8 
20 47 
7 21 
32 9 
18 47 
44 9 
18 6 
26 6 
38 22 
44 43 
32 20 
42 16 
32 3 
46 14 
6 20 
8 27 
8 23 
50 24 
45 7 
28 44 
23 36 
8 5 
35 3 
37 43 
16 22 
16 9 
13 42 
45 21 
40 5 
19 20 
48 38 
3 47 
15 24 
22 11 
9 48 
14 13 
19 23 
42 48 
19 17 
16 12 
18 13 
13 3 
49 14 
31 51 
50 2 
39 43 
4 36 
48 27 
28 22 
17 6 
29 26 
38 31 
17 20 
4 34 
16 37 
45 29 
4 23 
15 8 
22 20 
37 19 
8 20 
18 8 
12 20 
48 5 
27 5 
12 34 
31 5 
45 46 
21 44 
12 9 
38 13 
46 10 
24 36 
32 14 
18 32 
48 47 
39 11 
20 16 
23 22 
45 6 
45 1 
10 12 
22 47 
31 13 
3 31 
6 48 
42 45 
34 25 
11 10 
51 37 
35 40 
28 8 
29 37 
48 33 
5 20 
20 27 
49 51 
27 30 
22 12 
42 19 
24 15 
23 35 
42 33 
16 3 
21 22 
46 26 
5 35 
49 31 
30 12 
41 2 
7 47 
7 17 
33 26 
38 43 
3 9 
38 23 
15 6 
35 21 
27 1 
17 28 
17 41 
6 38 
45 9 
3 48 
43 13 
43 10 
40 25 
29 31 
38 10 
43 22 
36 44 
14 47 
38 50 
47 45 
17 11 
43 2 
38 46 
51 20 
38 20 
11 34 
23 12 
6 51 
35 16 
37 20 
38 25 
50 34 
10 4 
8 10 
48 35 
36 35 
12 51 
27 22 
1 39 
46 34 
6 41 
3 15 
34 45 
2 10 
33 43 
34 43 
14 29 
31 44 
8 38 
10 13 
50 41 
50 47 
8 44 
31 34 
16 45 
5 16 
27 33 
20 40 
38 3 
29 49 
42 43 
21 6 
3 18 
15 32 
49 39 
37 28 
35 27 
48 2 
34 23 
7 19 
41 13 
12 2 
30 26 
47 39 
40 4 
7 44 
36 7 
11 26 
4 11 
40 8 
11 41 
42 38 
13 50 
9 42 
12 37 
17 29 
33 46 
31 49 
8 42 
45 2 
25 30 
41 23 
9 40 
37 27 
28 3 
16 35 
47 7 
10 16 
8 22 
24 29 
10 24 
35 49 
13 25 
43 35 
35 50 
45 31 
8 29 
22 42 
20 10 
1 49 
8 50 
7 30 
26 9 
36 26 
8 45 
50 42 
31 47 
1 32 
31 10 
48 17 
32 7 
27 47 
8 31 
14 1 
5 41 
4 24 
49 23 
11 18 
17 7 
13 51 
42 26 
39 4 
49 12 
1 23 
18 33 
9 41 
31 35 
47 26 
23 49 
20 12 
6 34 
13 27 
41 15 
6 45 
41 33 
13 2 
26 47 
4 6 
12 25 
32 38 
38 24 
19 21 
37 24 
28 19 
20 49 
30 41 
37 15 
30 49 
39 25 
10 19 
49 9 
34 51 
22 35 
20 18 
37 2 
40 17 
19 27 
14 4 
10 27 
14 24 
30 43 
4 21 
2 33 
9 14 
9 4 
48 12 
19 2 
29 39 
32 18 
24 16 
22 37 
5 42 
44 11 
6 11 
29 30 
17 45 
25 38 
16 4 
4 39 
51 1 
26 40 
45 36 
37 29 
14 23 
34 37 
15 37 
2 6 
51 19 
36 28 
28 9 
19 47 
22 36 
17 18 
6 5 
23 7 
44 48 
47 9 
29 43 
6 13 
39 27 
38 28 
2 21 
6 15 
3 25 
10 39 
12 40 
27 40 
28 39 
9 13 
34 10 
33 27 
14 51 
40 28 
20 21 
4 7 
33 31 
3 7 
42 27 
40 10 
35 43 
29 45 
49 34 
19 50 
30 8 
39 50 
22 16 
32 13 
11 20 
35 7 
49 46 
40 35 
8 24 
8 11 
27 42 
46 23 
34 6 
10 25 
20 33 
7 11 
24 44 
8 48 
6 39 
25 37 
36 2 
12 6 
8 21 
47 3 
26 22 
38 17 
4 3 
15 10 
4 16 
38 7 
14 3 
4 31 
50 17 
34 21 
7 46 
33 8 
8 3 
43 47 
46 38 
16 2 
51 22 
48 23 
34 7 
4 13 
37 5 
50 18 
16 34 
40 31 
18 12 
42 22 
32 33 
29 17 
15 33 
10 34 
44 28 
45 49 
18 41 
19 37 
5 25 
19 45 
4 42 
24 2 
4 12 
25 7 
2 25 
4 10 
37 42 
7 13 
26 50 
36 14 
7 27 
11 8 
8 49 
40 13 
37 51 
27 48 
23 29 
26 29 
29 9 
49 48 
20 30 
36 1 
18 51 
48 8 
4 14 
16 15 
12 26 
24 3 
32 39 
29 10 
2 3 
40 23 
10 15 
19 38 
1 19 
1 24 
35 39 
1 5 
10 1 
23 40 
28 30 
5 38 
33 51 
29 35 
39 33 
10 17 
40 21 
44 3 
23 10 
28 5 
7 31 
9 12
3932
46 14
8 27
2 7
45 4
7 6
32 20
31 50
44 4
37 9
8 30
30 11
1 38
9 39
39 48
21 24
14 26
2 48
47 43
24 39
40 20
24 15
20 12
46 8
2 45
2 21
26 13
4 4
17 22
16 43
17 46
13 12
28 16
12 23
20 42
25 31
33 8
30 24
7 26
36 4
35 42
42 11
3 34
39 17
29 35
20 31
16 30
38 47
8 16
17 3
50 12
20 11
3 4
1 1
50 40
19 25
26 5
28 6
23 14
30 29
24 30
38 5
41 45
23 48
28 29
45 48
17 2
36 30
6 15
20 44
22 22
49 35
18 29
13 27
17 2
38 40
25 41
1 46
18 18
17 7
10 7
40 15
16 20
14 49
16 44
43 11
41 2
10 36
39 8
16 47
30 47
37 35
39 5
44 48
10 24
41 47
19 25
16 9
38 48
19 30
9 40
22 19
45 12
2 40
46 41
39 16
42 31
14 26
1 14
3 12
27 29
44 42
34 27
28 23
16 36
38 25
4 21
36 28
28 27
26 46
35 18
22 11
8 5
31 4
48 39
21 44
46 11
2 20
37 43
33 45
44 40
47 49
19 44
36 11
18 41
36 34
22 11
34 12
41 29
1 18
18 49
36 34
14 44
45 37
2 16
33 41
24 1
6 3
35 33
33 34
27 5
23 37
1 35
46 17
10 44
27 14
24 50
50 18
34 45
29 29
24 39
48 31
50 21
36 30
41 6
49 27
10 40
7 48
26 1
8 1
25 6
23 26
31 41
31 40
16 48
14 27
26 5
10 23
12 1
5 11
37 16
25 2
20 35
23 30
19 16
35 9
6 23
39 48
4 35
9 14
32 19
1 33
14 29
46 10
28 32
50 7
34 36
25 1
8 33
26 19
33 19
13 23
30 24
14 33
50 1
43 15
4 44
33 36
32 29
33 30
6 43
46 25
11 2
10 18
12 30
44 34
46 14
34 34
38 42
19 19
8 15
32 25
28 23
8 7
24 32
32 3
32 9
34 25
45 8
28 29
13 28
41 37
23 48
37 50
48 47
50 38
41 16
49 48
36 46
17 29
28 26
36 19
19 3
8 29
1 17
22 23
13 14
28 6
35 27
33 19
38 29
50 29
20 5
17 20
46 12
15 46
22 21
5 35
8 9
48 22
9 29
26 50
27 16
10 7
48 27
46 36
50 26
42 6
23 15
40 3
19 32
19 50
6 18
37 41
19 9
33 9
47 18
32 47
1 17
4 43
13 7
34 41
38 49
27 42
27 28
15 34
1 10
17 11
13 2
44 4
28 8
28 45
17 22
12 1
42 31
47 3
48 44
18 41
32 7
28 17
30 5
6 49
3 23
33 44
19 21
2 16
19 10
40 15
15 24
27 7
45 31
1 3
10 12
9 42
27 15
22 24
48 44
8 27
14 46
4 13
31 36
5 17
29 22
10 13
5 3
33 13
32 34
49 42
34 4
8 26
6 4
13 6
47 16
10 17
38 50
8 43
22 39
12 31
40 11
21 31
4 12
49 39
31 49
20 25
36 49
39 47
22 13
44 33
16 20
3 10
33 33
24 30
36 10
42 50
17 32
22 38
42 33
36 32
1 37
12 21
2 30
35 6
43 39
8 35
41 47
8 36
43 21
30 4
31 33
39 4
4 31
12 17
32 32
35 37
19 16
17 1
49 41
7 18
19 47
13 44
7 33
27 38
37 23
29 15
10 37
25 23
39 10
17 35
8 9
18 9
7 20
47 21
7 16
23 12
19 40
1 10
7 48
9 24
47 13
15 17
31 44
15 41
20 19
27 5
48 5
35 4
22 15
7 31
3 13
13 26
28 8
47 14
14 7
5 50
41 47
9 5
41 5
36 24
38 28
24 40
49 45
49 46
11 49
40 49
35 8
17 43
31 46
42 42
6 2
45 28
10 21
44 30
11 23
48 30
13 1
2 3
24 6
19 42
49 30
50 1
47 33
12 8
8 22
18 50
3 26
46 37
3 4
33 12
44 45
21 2
5 31
42 24
45 5
13 38
13 42
26 4
46 38
5 2
36 30
5 3
46 15
17 34
17 28
25 29
45 17
9 14
45 44
26 49
27 42
37 36
19 33
43 32
18 7
50 36
35 12
31 14
21 26
24 24
14 33
50 48
20 32
36 36
1 24
5 6
36 39
4 8
16 20
41 21
15 8
35 45
29 47
3 3
37 4
38 21
44 42
20 50
9 8
25 36
15 43
16 15
28 14
34 26
15 33
6 30
38 40
28 7
10 44
16 37
40 36
10 48
35 37
26 35
21 46
35 9
12 37
37 2
33 48
35 29
38 26
22 20
45 4
3 39
20 4
3 12
32 44
21 1
41 5
4 28
38 25
10 3
45 23
22 31
27 49
48 28
3 7
23 36
16 35
24 36
44 41
21 46
23 10
5 29
5 39
45 3
3 8
45 20
26 11
27 8
18 30
10 11
25 14
25 35
22 31
8 38
16 47
48 36
12 31
17 21
48 47
33 17
19 1
34 23
43 21
2 28
24 3
11 12
30 34
29 17
30 26
38 34
10 39
31 21
37 30
50 20
32 7
21 27
7 10
35 11
40 14
21 33
20 33
18 32
49 48
6 8
18 38
50 36
49 47
11 27
8 38
17 39
28 4
48 27
49 2
18 36
33 37
28 35
47 37
49 34
9 13
40 4
17 44
36 44
22 30
42 44
33 26
44 49
8 41
7 18
22 33
42 3
7 26
23 31
30 10
10 49
28 4
6 50
48 40
4 35
32 19
45 31
41 16
20 37
12 18
16 6
40 33
5 41
46 49
41 31
40 23
9 49
45 31
21 44
10 24
6 31
42 21
26 10
27 30
24 18
44 13
43 6
47 31
19 6
30 21
39 45
12 37
41 38
32 21
39 12
39 19
36 28
14 23
30 18
31 25
3 13
22 40
9 43
21 32
43 40
37 47
21 48
28 30
42 21
10 8
16 30
49 24
21 18
22 34
14 11
30 14
49 48
3 20
26 21
14 34
37 37
10 25
35 44
38 22
19 8
22 46
22 38
42 44
44 20
34 30
42 17
4 37
27 35
44 46
24 48
17 47
20 33
34 26
11 35
13 10
40 2
16 35
4 32
12 18
37 8
24 8
4 32
35 31
5 27
9 12
13 36
30 3
7 49
38 17
7 18
28 28
49 20
10 35
19 43
15 16
45 41
4 21
46 38
25 9
40 32
36 8
9 15
27 32
43 35
42 13
8 18
36 37
48 22
10 24
28 45
30 2
44 34
1 49
22 3
10 10
9 43
33 32
26 14
36 31
45 29
32 24
24 32
37 42
12 24
33 1
18 6
42 32
14 39
43 6
18 14
37 25
42 14
1 5
25 42
22 50
42 47
38 17
20 33
13 36
11 12
21 28
44 45
27 43
24 48
33 6
30 23
17 26
37 6
47 24
20 48
1 17
25 5
1 27
31 47
36 20
6 16
8 3
50 45
4 49
25 44
27 17
7 36
18 14
3 49
8 15
30 2
31 36
10 8
43 22
45 42
2 28
38 33
48 23
33 30
32 45
4 35
2 35
26 34
11 38
29 1
33 44
28 1
5 31
19 36
7 48
50 44
46 24
12 12
33 9
50 15
31 44
39 43
18 36
10 33
20 49
2 13
5 23
31 42
7 4
3 45
19 8
8 27
26 6
44 45
37 47
36 38
32 29
1 33
26 35
20 41
38 2
19 8
40 15
19 30
2 3
12 15
32 6
36 42
39 43
27 26
33 23
32 48
40 26
6 40
8 17
17 33
18 34
32 40
47 19
28 12
49 30
5 1
15 39
37 49
14 42
40 1
30 35
14 39
38 33
19 37
30 2
38 23
38 18
31 42
21 6
8 31
37 22
50 3
50 27
1 13
32 2
32 7
40 47
39 50
25 40
5 29
12 4
33 50
2 16
49 15
37 18
15 29
28 34
28 24
17 36
46 1
1 26
9 19
21 44
25 7
25 36
37 39
43 16
39 34
18 23
14 18
21 37
12 6
30 45
10 40
35 10
30 49
22 6
16 41
29 11
32 25
40 35
43 8
37 43
30 45
27 11
8 3
45 42
25 14
33 25
17 30
14 23
24 10
3 2
2 4
45 10
24 7
7 4
41 44
48 31
28 47
32 28
12 26
48 7
29 7
18 41
4 11
9 47
42 26
45 27
1 23
20 45
37 42
34 31
23 1
2 24
49 43
13 36
5 14
30 15
22 26
9 44
29 3
31 39
12 34
35 21
1 47
48 23
46 45
10 30
4 13
19 21
43 5
6 26
2 38
13 10
49 7
14 22
21 35
46 38
42 5
36 5
23 11
40 23
24 33
1 18
15 50
3 6
45 45
42 27
21 11
27 18
40 14
47 10
12 6
15 30
14 39
35 45
4 43
26 30
23 9
32 37
33 7
22 28
15 41
20 25
21 28
6 36
26 9
34 18
5 39
41 43
33 12
42 36
44 20
13 41
4 27
32 45
15 40
43 42
15 32
35 27
9 32
44 20
19 19
20 25
13 44
8 49
17 46
34 16
7 10
29 18
50 29
45 39
14 24
45 32
16 20
1 5
25 50
27 50
10 23
50 41
31 41
7 18
11 13
40 6
43 20
39 38
5 13
13 12
50 31
43 26
35 25
16 33
11 21
13 29
30 12
50 49
47 38
29 38
46 36
43 35
30 44
17 40
37 50
45 2
23 40
10 34
34 49
41 14
9 20
40 45
13 23
50 47
12 6
36 19
14 25
40 21
34 46
49 6
22 6
18 48
6 14
2 8
47 8
42 35
29 26
28 25
48 49
48 7
40 15
13 49
15 44
3 31
35 39
11 21
18 38
13 9
16 35
42 41
22 17
45 1
35 16
35 44
6 32
2 16
6 32
13 14
28 11
43 50
1 20
42 26
22 20
3 8
38 31
10 34
32 27
8 9
14 40
19 43
24 23
5 21
26 18
8 42
26 2
9 43
45 49
2 49
38 23
2 2
50 44
49 20
21 6
32 8
43 38
17 42
26 7
25 21
39 12
27 10
12 17
14 21
5 13
11 30
43 27
44 24
30 26
6 11
43 33
45 10
14 31
17 31
15 39
48 39
11 13
16 37
14 37
16 5
17 3
23 4
48 34
40 5
50 32
39 7
21 7
30 25
27 15
34 48
42 1
1 6
8 38
30 23
14 36
9 2
23 16
43 39
9 11
35 34
35 20
13 23
12 9
23 49
12 12
5 33
13 4
30 18
45 17
41 12
19 12
18 40
15 18
36 25
46 38
28 43
20 19
38 12
20 27
9 18
30 10
15 10
39 27
31 19
16 45
33 33
37 36
10 18
5 38
29 6
34 9
22 10
46 32
39 20
19 39
41 12
41 31
42 32
10 20
23 17
14 14
12 18
28 27
33 23
9 32
14 21
46 30
8 19
1 47
21 50
40 33
5 19
8 3
30 22
39 36
32 28
7 46
45 38
45 13
15 15
26 10
46 28
40 23
5 31
50 12
36 16
39 9
25 29
31 34
31 44
41 17
26 19
32 43
31 9
37 15
50 7
8 33
33 9
31 40
9 13
26 48
12 23
11 14
39 12
36 3
13 20
28 33
46 27
49 30
39 39
13 46
48 39
7 30
40 16
37 17
18 21
19 48
20 14
46 33
7 32
28 23
42 9
43 19
5 16
50 40
15 37
25 15
14 32
14 44
28 14
10 29
7 6
23 49
14 5
24 28
32 16
49 14
4 20
29 18
13 44
21 33
11 50
24 19
13 25
49 39
47 29
8 24
27 41
4 7
19 22
20 4
46 25
20 40
2 19
41 34
12 46
35 44
3 40
4 10
6 43
50 18
46 31
50 44
39 41
26 44
10 50
25 35
48 8
5 43
18 13
23 34
16 21
25 14
30 3
48 29
42 3
23 33
35 12
49 47
44 6
12 39
39 30
36 18
31 48
25 27
1 1
27 21
32 17
20 1
10 47
23 45
27 1
42 33
29 1
42 38
43 17
38 50
9 7
36 25
3 1
28 27
43 12
5 41
39 24
46 20
37 2
39 34
3 44
30 1
43 44
26 43
20 15
18 35
24 17
36 28
38 20
16 17
26 18
7 42
47 13
9 24
23 26
18 19
42 17
8 42
29 30
30 37
19 39
41 3
50 27
2 30
49 35
5 2
35 27
36 10
27 20
26 35
29 50
15 15
16 35
44 43
21 5
13 39
8 3
11 9
10 38
38 19
19 36
32 19
44 28
40 20
42 13
10 38
44 27
14 6
14 19
44 43
10 12
15 19
2 10
27 6
43 6
43 11
3 39
27 7
19 10
21 4
25 23
38 1
22 26
16 35
48 19
17 47
38 26
40 35
50 27
19 4
42 36
39 28
8 11
8 4
13 12
10 32
41 16
21 16
50 14
34 4
23 29
35 24
27 33
8 25
39 10
38 26
17 29
48 49
5 47
20 22
14 3
15 31
7 4
31 1
34 13
23 17
32 4
1 14
49 32
12 43
25 21
48 16
26 40
43 7
29 1
44 4
33 49
22 24
37 42
1 15
17 9
29 11
14 50
50 6
9 48
33 22
24 10
49 17
33 32
6 45
45 3
8 2
32 20
42 38
1 48
4 9
33 43
7 23
1 48
23 28
3 23
50 43
19 34
45 38
23 33
41 40
43 13
9 29
13 16
47 15
43 4
37 43
4 20
12 13
34 23
13 5
20 6
44 27
45 29
41 8
44 27
42 42
35 31
16 17
17 44
36 32
6 21
41 18
39 39
5 6
47 15
5 6
17 50
2 8
46 40
39 44
16 33
42 49
31 4
29 11
18 26
43 15
29 29
46 47
14 34
15 6
11 17
42 29
3 44
48 31
40 31
2 32
9 16
37 33
32 31
4 17
13 6
15 26
44 34
11 16
38 46
20 16
7 10
13 1
30 29
1 8
15 9
37 1
13 20
30 35
27 40
42 12
32 29
34 42
37 36
5 48
42 21
35 7
3 44
32 21
30 45
47 42
33 3
32 32
32 44
17 27
17 34
29 31
24 39
48 50
29 45
34 31
38 34
49 2
31 40
5 37
11 14
48 32
5 30
42 37
16 1
40 22
41 2
11 14
38 33
30 23
36 18
10 47
44 22
8 42
49 11
49 15
44 7
1 24
42 10
21 16
4 7
31 41
9 14
14 2
9 33
23 45
45 20
17 14
18 24
11 14
47 3
6 9
40 16
36 41
5 11
14 30
36 28
3 13
42 38
43 34
17 18
38 24
39 38
49 30
19 46
28 45
18 14
42 17
34 3
21 7
33 45
26 40
46 32
7 4
33 2
10 37
37 44
41 45
8 33
6 34
46 44
7 45
39 49
27 50
27 4
40 30
39 28
49 48
38 34
16 33
17 5
43 47
45 36
18 20
8 42
17 41
20 33
45 5
43 42
12 8
49 28
34 39
50 10
24 19
26 14
44 29
40 23
50 37
4 33
3 16
8 24
45 13
34 17
36 30
10 26
35 38
34 16
28 9
50 46
3 10
38 6
42 7
38 30
34 7
34 46
17 22
38 25
49 18
23 34
30 26
6 40
5 45
20 9
17 2
13 8
34 36
50 46
5 44
14 33
20 29
3 10
45 41
24 40
49 12
14 22
12 14
46 21
43 5
39 48
12 14
24 42
23 44
8 16
26 22
3 38
34 48
50 41
3 13
48 46
41 2
12 16
12 18
26 21
30 37
11 42
44 24
15 37
47 36
17 46
40 46
33 36
42 26
29 4
27 32
32 38
41 43
28 7
29 18
36 33
41 49
16 7
14 46
25 31
49 47
44 12
42 45
40 17
36 17
47 37
30 38
41 27
27 31
27 17
22 12
48 46
20 37
43 19
28 49
37 36
44 4
28 17
8 2
10 42
6 45
35 28
3 15
27 15
10 3
6 47
44 11
21 18
5 9
8 24
28 5
24 44
4 40
31 24
10 9
34 47
4 3
27 41
50 25
29 31
40 4
49 12
32 32
29 5
41 36
45 8
40 29
22 2
16 33
13 11
18 24
23 36
36 38
20 17
8 48
15 29
38 13
48 9
20 18
32 16
47 30
35 39
35 35
46 44
14 5
36 20
49 28
6 17
30 23
14 47
33 5
33 4
8 13
25 3
8 44
48 14
35 20
47 50
50 4
13 25
39 26
46 19
35 3
35 30
34 8
9 4
49 34
17 7
4 28
20 35
34 41
38 17
10 45
6 2
21 33
3 1
11 46
32 10
19 41
25 42
21 35
7 9
50 33
37 39
6 5
15 42
38 41
35 22
16 47
8 25
7 37
29 34
36 22
33 18
18 39
14 42
33 23
39 41
49 33
42 4
3 20
6 11
7 36
33 28
37 16
13 5
41 28
5 7
23 23
16 31
1 18
35 47
36 4
10 39
9 44
41 47
47 18
50 23
49 45
46 46
11 42
41 6
35 22
43 26
9 50
36 5
36 2
25 21
3 18
37 2
22 27
39 17
37 21
4 25
2 6
20 20
9 26
14 20
6 22
19 10
40 42
40 39
14 7
49 45
31 41
16 45
17 14
8 12
32 5
3 32
18 36
26 38
1 9
45 40
5 33
40 39
9 36
42 5
17 24
18 25
35 27
13 21
50 19
37 40
3 5
35 11
18 4
13 26
43 17
25 48
37 47
12 14
22 36
25 36
32 45
27 19
34 30
39 23
6 33
32 40
42 36
33 21
48 34
23 2
33 10
40 22
3 29
46 35
5 30
10 29
3 25
47 24
14 9
7 30
49 37
47 14
4 1
25 40
45 10
20 43
41 8
42 48
17 10
34 36
40 47
9 22
45 29
38 12
41 32
18 28
18 1
29 26
24 28
14 35
6 24
3 4
6 20
44 6
4 36
1 2
49 22
9 36
13 31
24 15
14 46
49 37
48 26
29 50
19 27
30 7
23 20
9 19
38 37
37 13
13 8
11 43
22 46
19 34
19 34
19 46
32 47
9 23
8 37
33 6
18 37
6 34
12 43
34 34
32 9
4 31
29 31
36 14
6 43
46 26
24 15
11 37
2 23
42 30
8 2
22 22
16 5
4 16
5 49
29 31
18 13
46 11
38 36
41 2
39 9
48 2
18 43
24 42
50 9
19 9
44 13
27 38
15 31
49 50
33 24
29 16
3 3
44 1
16 24
44 7
43 43
11 34
24 28
36 30
43 18
16 29
41 10
34 38
18 19
46 9
2 44
32 23
41 7
14 16
33 36
18 36
42 47
13 40
17 1
3 16
50 6
21 41
42 36
40 17
32 9
33 38
9 6
47 5
47 7
15 17
35 7
23 46
31 41
3 10
14 26
36 40
7 39
19 35
15 29
32 29
32 6
44 40
5 19
42 39
42 38
33 40
29 34
33 38
21 12
20 47
4 27
48 6
30 33
20 4
13 4
13 23
3 48
11 11
4 10
29 7
28 21
29 45
32 2
22 23
13 1
25 23
1 37
43 48
10 38
23 19
20 1
50 31
13 30
34 33
17 39
30 14
20 24
47 28
37 34
6 15
2 2
9 17
26 41
19 32
10 32
13 31
36 8
19 20
40 30
41 20
44 45
19 22
8 17
41 29
48 17
46 36
39 45
29 2
23 13
36 4
16 25
20 33
14 5
29 21
43 43
48 9
17 47
42 44
25 35
50 16
5 37
37 10
28 10
19 24
30 44
38 21
46 26
26 45
5 22
3 35
33 45
38 14
32 37
49 25
46 4
44 12
31 40
28 25
48 16
5 3
34 46
10 34
21 26
49 19
21 13
36 17
16 33
33 19
43 2
31 43
42 13
46 41
25 7
11 31
12 32
24 44
22 17
35 7
37 5
5 30
18 5
41 37
15 37
12 36
5 10
7 23
34 2
9 4
21 5
10 12
29 19
30 26
19 2
26 33
6 45
34 30
44 50
4 28
37 13
14 18
27 19
7 46
4 35
48 46
17 29
47 22
38 20
3 20
9 46
29 10
48 4
7 40
35 24
22 35
20 12
20 38
5 41
28 33
16 25
10 38
35 21
42 19
12 16
8 41
45 4
28 43
45 34
4 32
11 8
2 36
35 9
25 20
13 44
41 32
13 28
3 49
26 31
10 10
45 33
23 27
14 33
49 33
32 19
35 16
32 34
14 36
5 45
23 18
35 18
25 29
4 31
21 31
49 36
41 47
20 38
20 8
47 24
13 28
5 25
47 30
43 25
6 24
43 1
2 9
14 33
34 13
25 2
44 28
20 47
39 25
7 5
10 28
35 18
36 47
11 6
24 33
26 35
5 8
36 26
10 7
12 16
11 5
22 25
42 48
30 15
31 47
40 33
31 29
3 2
19 13
28 22
19 25
15 32
44 41
20 39
24 49
11 40
22 9
46 6
21 40
3 18
10 12
49 3
11 32
40 14
11 30
29 49
42 38
20 41
2 50
34 22
4 18
39 8
15 40
43 35
46 26
46 41
29 25
38 13
40 4
11 48
31 10
44 49
36 22
30 49
36 39
19 8
29 5
5 6
45 45
41 34
28 33
40 10
6 13
8 38
27 37
22 21
33 30
9 33
13 10
20 36
29 9
3 41
13 48
2 46
42 33
44 12
10 37
21 31
46 50
48 33
48 43
4 38
42 47
34 23
14 34
16 20
23 43
29 31
24 30
49 13
11 26
9 26
18 11
18 32
23 45
8 16
19 18
3 3
12 25
50 20
23 19
46 12
42 41
26 26
21 32
44 20
3 35
6 17
3 45
31 50
41 4
17 14
37 20
17 19
50 12
9 39
3 27
4 37
44 5
33 9
5 20
35 22
3 31
19 17
21 17
41 14
21 41
30 13
34 34
4 32
21 3
17 34
20 46
6 45
14 31
5 33
45 17
31 34
40 39
31 14
45 28
10 36
2 31
9 22
20 46
32 32
17 12
29 16
16 23
2 45
32 31
21 28
8 18
24 22
50 9
47 17
6 31
43 22
50 23
27 12
22 24
27 16
27 37
45 45
32 16
10 49
10 7
45 46
40 36
33 2
33 34
35 44
46 43
35 3
7 44
4 40
9 48
15 50
19 5
2 33
36 47
46 1
19 48
44 25
50 27
14 38
21 25
39 15
37 32
36 45
33 35
9 2
7 27
14 26
8 20
29 25
25 45
1 2
21 49
34 20
43 41
30 27
19 17
48 22
27 16
33 44
28 15
30 30
2 44
15 46
39 17
31 25
34 12
28 44
2 41
40 25
33 4
49 20
38 17
9 2
10 39
34 45
9 33
42 13
18 24
29 10
30 41
50 35
9 46
22 26
28 38
2 37
38 20
10 28
19 24
16 48
14 19
22 20
19 41
6 42
34 4
6 8
5 46
36 33
36 16
20 48
15 26
44 50
49 47
22 34
34 46
26 8
7 17
42 1
40 2
42 22
38 34
50 9
41 43
11 1
23 10
14 37
22 42
24 24
38 48
42 47
7 29
25 48
39 8
14 30
10 15
16 1
4 12
23 25
1 13
11 26
27 39
6 12
30 19
40 9
37 40
15 27
49 31
26 9
29 25
50 34
13 44
31 1
10 47
2 43
50 25
21 2
31 13
6 20
2 15
43 11
48 39
10 24
43 25
33 15
3 26
29 9
31 29
44 15
23 15
30 21
10 48
5 34
39 9
25 41
3 47
3 17
32 41
8 36
19 1
8 42
14 36
47 18
8 12
5 21
10 20
38 37
47 28
30 29
48 46
17 46
25 20
11 41
33 37
9 20
24 9
43 35
43 49
47 41
7 34
20 1
47 17
9 38
12 44
14 18
15 30
20 44
9 38
22 40
28 36
50 24
15 33
50 37
44 17
2 36
15 39
42 26
40 23
6 42
13 47
19 27
47 7
37 18
36 2
40 3
37 29
16 1
2 3
8 25
14 21
45 18
6 37
41 23
38 42
36 17
28 50
32 45
49 18
2 46
48 23
3 7
12 36
41 30
14 4
41 28
37 3
24 45
46 48
22 1
4 29
36 40
42 17
16 12
38 15
2 34
2 33
34 9
22 5
1 26
39 2
48 12
48 29
32 18
23 37
14 15
16 7
10 4
22 32
12 50
13 20
5 39
6 49
3 48
29 43
20 8
24 7
34 24
14 13
1 46
21 15
25 35
9 47
8 17
12 29
40 8
33 5
3 41
13 29
32 45
8 33
15 49
48 24
18 30
34 45
13 11
31 13
46 5
19 15
46 36
6 50
15 41
9 10
40 32
21 10
20 35
13 29
39 44
17 35
26 18
35 33
26 36
35 37
8 16
46 19
3 31
11 23
30 15
32 43
16 22
14 12
8 2
46 46
8 18
38 3
11 39
16 12
38 6
5 26
16 50
6 39
6 38
20 32
24 44
2 36
16 11
30 28
22 27
29 8
28 5
8 47
43 41
25 45
29 6
35 32
34 2
41 18
13 30
38 19
22 15
47 48
21 45
3 21
16 21
4 31
26 19
5 24
18 27
40 36
24 40
41 38
30 47
24 46
1 8
35 19
8 18
23 12
21 12
16 3
22 1
41 15
27 14
44 18
28 49
42 50
4 33
32 49
37 23
25 17
44 9
5 19
18 3
3 24
23 30
32 26
27 13
47 20
19 21
41 49
30 34
44 30
49 37
48 28
14 18
25 14
50 5
38 30
32 27
16 18
45 10
23 49
29 1
14 40
5 23
14 1
20 40
47 4
49 32
33 30
18 41
30 41
20 29
18 48
29 22
41 41
32 24
32 38
42 12
11 44
24 2
36 34
42 37
35 50
12 46
20 12
40 31
1 5
13 7
12 21
15 34
27 48
21 13
39 40
26 10
5 22
43 44
23 17
5 17
22 17
6 50
42 23
14 48
49 21
5 36
33 18
41 34
16 38
6 36
21 22
7 28
3 39
43 36
38 26
17 23
32 32
44 10
20 8
36 41
26 23
38 11
49 47
7 24
13 39
15 49
1 40
24 17
34 27
36 1
44 26
47 41
34 11
30 43
36 48
33 12
2 3
24 14
47 26
27 12
34 38
3 12
48 29
25 20
42 47
44 4
20 50
47 24
38 7
36 42
49 25
42 23
46 13
17 29
21 50
10 9
12 42
23 32
28 29
39 19
30 43
4 8
28 31
9 28
42 45
8 48
8 34
8 20
6 18
25 42
27 37
40 48
46 23
41 38
4 23
23 23
5 4
5 42
36 13
50 29
36 43
10 32
12 36
38 18
12 13
2 13
41 11
12 33
14 20
13 11
45 22
5 6
28 31
36 48
5 6
31 1
41 39
4 26
49 36
7 32
24 32
34 2
36 48
31 12
22 9
39 27
6 12
36 36
20 23
38 49
27 13
7 15
2 47
20 10
15 21
38 34
49 16
8 2
41 36
38 22
17 10
8 7
38 44
31 13
24 46
33 23
24 35
37 35
13 27
8 38
23 12
35 8
26 25
6 23
16 50
24 2
10 34
13 50
49 49
14 50
46 22
28 37
9 21
34 41
22 8
38 39
40 30
48 19
25 27
29 39
9 29
22 30
41 28
27 27
32 27
23 25
11 35
5 31
19 48
5 20
35 34
13 41
8 17
3 25
37 46
31 47
18 3
46 23
4 31
45 15
19 22
44 4
9 5
7 31
10 28
36 28
29 30
6 29
4 32
20 29
45 28
4 2
41 8
4 6
37 17
37 42
45 34
50 44
1 6
7 36
48 34
30 25
26 30
46 29
47 30
27 4
25 20
40 32
24 17
36 29
42 42
26 13
9 23
25 50
40 37
1 50
30 44
39 9
38 36
3 41
14 10
45 11
44 43
36 12
21 45
22 7
30 5
4 45
50 25
44 36
7 30
16 42
5 34
43 44
31 41
48 35
43 14
42 5
48 15
35 42
31 45
12 18
38 44
41 12
45 16
16 5
3 46
17 40
22 48
5 38
48 41
16 18
14 50
18 17
4 40
6 39
22 45
37 37
46 10
4 8
37 12
37 11
44 31
8 50
41 35
35 1
27 35
20 33
20 23
49 47
23 14
35 23
49 50
17 45
9 20
17 37
44 3
17 23
30 18
19 33
5 45
42 7
42 27
49 17
9 23
4 19
35 37
16 48
44 22
3 30
42 44
49 26
25 7
13 45
12 7
40 4
35 32
47 9
44 24
2 24
9 2
49 24
32 25
12 24
38 17
22 13
32 22
47 11
15 17
35 32
5 4
47 48
2 28
3 18
46 35
46 40
46 9
35 14
29 39
50 30
33 10
12 42
26 37
15 5
30 32
45 47
44 25
17 18
15 45
25 11
14 4
10 42
49 22
24 20
36 22
30 45
27 18
30 15
43 36
16 8
16 12
30 27
10 45
15 16
9 42
36 48
50 11
33 1
25 3
29 25
25 32
16 33
43 30
10 32
39 42
36 47
40 14
22 14
28 44
36 32
19 6
50 31
26 22
7 21
22 30
22 20
39 44
15 14
48 40
23 47
33 7
33 16
45 28
24 33
18 14
2 12
10 24
11 49
29 50
16 33
33 8
14 43
22 29
6 40
19 47
31 48
33 25
26 36
48 1
13 31
4 42
33 38
46 5
12 28
30 49
2 31
33 21
27 2
34 36
37 31
36 24
49 50
21 28
35 36
45 27
6 22
45 11
2 11
48 11
4 5
25 28
1 34
31 10
3 15
18 16
18 31
20 35
3 12
42 11
33 43
50 21
27 24
5 35
16 43
48 24
26 46
35 27
46 17
39 17
24 38
3 25
20 19
16 24
27 19
13 3
50 46
44 41
1 1
46 50
12 34
40 11
1 33
37 24
21 41
41 36
14 36
2 15
5 43
50 33
27 41
2 1
8 49
50 42
20 8
24 32
19 16
20 16
2 20
4 24
22 13
37 8
4 37
50 42
3 37
36 14
12 42
9 7
18 3
23 26
4 31
24 1
41 40
12 20
16 33
43 39
43 5
7 34
37 24
8 48
24 47
3 32
50 14
45 42
7 27
4 24
47 3
7 4
11 28
23 7
5 30
20 6
25 9
41 2
45 15
48 31
24 38
4 29
15 32
32 22
29 7
39 32
35 46
43 15
21 12
11 24
2 24
5 22
43 19
49 46
15 34
16 2
8 3
26 43
26 30
30 44
12 21
5 45
19 48
36 20
31 43
5 15
2 49
17 9
45 37
49 35
18 4
50 7
46 27
27 38
12 48
11 33
34 43
20 20
44 47
35 24
5 8
44 1
15 26
10 33
42 11
27 30
49 37
24 7
9 43
13 19
44 13
4 18
50 38
5 36
24 13
14 27
21 2
12 47
34 22
27 29
37 25
26 36
17 2
11 3
16 30
32 32
32 15
6 47
48 27
47 12
19 29
10 10
5 13
20 30
16 3
40 26
42 4
16 46
11 28
9 10
7 39
25 3
5 30
1 35
14 16
9 24
33 46
32 40
5 28
13 6
17 31
16 33
38 44
42 38
38 9
31 42
6 43
46 9
2 19
22 35
11 4
31 43
8 35
12 25
46 44
9 28
34 40
4 21
7 32
17 16
11 27
16 35
44 46
20 48
30 49
26 22
47 32
15 25
39 32
39 5
31 22
28 16
17 5
33 11
27 22
29 30
10 4
4 17
32 24
41 1
38 47
2 20
23 42
48 47
28 15
3 2
37 45
19 41
43 24
5 7
37 41
7 48
37 26
43 12
9 22
20 32
48 7
41 46
3 27
31 49
43 6
43 24
3 20
25 1
36 12
29 18
10 13
15 8
28 39
42 49
32 46
42 32
4 39
24 49
5 34
17 15
42 37
33 44
1 28
23 20
15 2
39 14
28 26
16 23
40 48
4 8
29 31
38 48
10 47
26 3
32 35
45 24
28 29
34 19
26 50
3 36
33 26
38 17
10 1
26 18
43 29
31 17
25 16
6 25
38 27
12 17
49 44
22 36
37 47
12 49
28 5
26 31
40 41
40 46
40 2
5 6
30 43
40 49
4 10
11 20
18 14
24 48
43 1
26 39
47 19
25 45
15 12
22 3
12 34
45 49
36 37
27 37
40 48
41 43
39 8
15 28
15 6
29 24
33 1
9 4
48 37
5 46
20 41
34 3
39 43
42 47
50 1
25 47
8 36
13 1
35 7
14 19
42 21
29 10
29 6
16 46
11 26
16 33
48 43
28 43
39 50
45 42
48 31
43 20
42 38
5 5
47 41
2 7
46 48
3 1
5 12
39 21
42 14
15 23
37 30
16 14
40 49
38 18
6 39
19 24
33 35
10 39
10 13
27 17
1 12
20 45
1 25
9 38
46 46
12 8
13 20
32 31
45 10
44 33
19 1
9 13
39 30
32 42
14 22
50 18
40 16
26 33
36 34
16 46
26 33
18 7
11 28
27 6
24 3
3 26
25 32
48 44
10 24
49 13
20 6
47 36
45 11
30 16
2 3
43 6
32 21
16 27
44 15
41 50
14 35
20 32
19 38
49 43
5 47
9 25
41 39
19 34
3 39
44 40
50 12
12 26
49 31
35 16
18 47
37 11
33 47
28 36
50 16
2 2
19 42
23 5
29 26
35 45
32 48
40 3
29 2
48 11
16 42
45 44
27 37
10 46
44 2
19 10
22 36
35 8
1 40
17 24
31 29
41 5
2 24
18 5
8 16
16 29
39 33
27 35
33 7
43 48
46 28
19 33
9 17
47 50
48 37
4 38
6 33
33 3
35 17
44 21
30 21
14 31
33 31
48 16
3 46
35 32
22 21
42 13
50 31
24 10
47 28
39 29
11 46
8 24
27 16
45 42
33 4
42 19
30 40
23 25
24 41
35 16
17 32
17 5
48 7
39 9
13 50
28 19
40 22
27 38
37 19
14 38
35 34
19 45
29 46
11 37
27 1
34 22
41 18
16 38
28 34
29 25
39 20
14 47
48 35
31 9
47 1
40 17
6 16
18 13
14 30
14 4
36 42
25 4
1 39
22 9
20 31
15 16
18 18
30 45
46 35
33 37
30 33
14 31
42 37
35 29
35 10
27 30
37 21
50 7
24 19
40 30
2 6
27 5
24 48
21 37
35 36
18 29
49 13
28 32
49 46
22 20
12 25
13 5
10 35
26 17
19 33
15 42
16 43
29 34
9 31
37 42
27 23
1 39
23 19
35 32
2 5
45 44
13 38
37 15
41 46
20 24
8 45
7 43
7 40
7 6
8 22
28 7
31 44
32 42
16 43
3 43
5 21
17 45
41 27
47 19
5 19
37 41
26 20
19 27
14 36
7 13
15 6
6 7
31 44
19 11
3 14
25 48
44 2
45 47
2 38
49 40
31 49
26 20
42 17
24 44
50 38
13 27
23 37
45 16
17 47
49 48
17 33
38 45
24 26
42 34
22 22
42 35
38 35
39 37
21 48
34 42
17 41
31 37
45 3
1 23
12 27
10 24
21 42
38 49
36 1
28 25
5 11
29 7
4 6
41 44
49 39
9 23
48 44
18 9
8 24
41 5
25 27
10 38
32 31
46 24
43 40
24 31
9 9
6 32
21 23
44 43
48 34
20 44
13 47
47 6
33 20
43 5
32 2
23 28
50 6
7 22
49 48
42 19
24 25
6 46
28 13
40 4
39 15
27 31
44 32
8 13
2 4
28 23
24 17
10 20
45 41
47 49
50 28
50 38
33 5
42 33
8 40
17 5
32 48
44 32
11 13
14 35
7 24
26 12
48 6
16 19
