100000
3062580716641580032
6623200000000000000
4834735563846547456
99999
7304500000000000000
8978488807116505088
968420000000000000
4122077725289602560
4784511654127730688
8286298908224313344
6826600000000000000
6765462171473149952
337613341656576576
1415981945792265984
3680853029210769920
8376789093017578496
449600000000000000
1035300148713881600
2143690186392112384
4558557616573251584
1329673732681236480
7183630271924952064
2651323200842767872
1523251225613578240
4012818164524708864
2109584581702189056
2905000000000000000
2749260647231382016
1062443995193298816
99998
2557648273257094656
988000000000000000
2590934006279063040
6724600000000000000
4835033416748047360
99999
2247964717127565312
888700000000000000
8233668807021821952
1336965504652830720
9120633670355386368
3346389943705972736
4652796433452242944
5491733551025390592
1026060242221006848
8612284325481676800
2104447663377219584
99999
933652497749245952
2082562983937966080
1542441841901568000
6882274286808072192
2819605210454818816
7272750448249929728
4261875152587890688
6302912470798565376
5302143096923828224
100000
7809655987931185152
958150000000000000
3074423008266289152
1765470704126705152
8404800000000000000
2194941868389695488
6932869413871812608
3018569887639648768
100000
4630685579355357184
3006900000000000000
100000
1027259488397568768
2564600000000000000
2148954376049216512
432119732681758336
370672668147733056
4701616634007650304
7504671438055931904
3550815582275390464
7780900000000000000
2855600000000000000
7092671740955954176
4752071663061827584
8024883270263671808
8220100402832031744
7453457383298170880
9079053886329716736
6677118044206831616
3109054953490219008
2584855079878131712
7602357645978107904
2212715148925781248
8400055229564057600
1093101501464843776
3939300000000000000
100000
2859306335449218560
4852534729616916480
1521935199074516992
100000
