5210664768867663872
952410000000000000
3812554723373980672
5497065557670756352
3794001211082932224
944450000000000000
2072465069148471296
629800260390092800
2679219565820379136
1430079468271070208
459777594430429824
1442312965037490176
2076692598363796992
5150147648874872832
99879
3044402303620008448
520229339599609344
248999801272664064
7260133099921513472
3426234329187054080
1760168582487998464
4423660733984669696
6270558793671639040
5406571352658280448
7729162122986258432
2994154880387514368
8157200762457899008
8799189246951817216
1846299925361459200
1964597923552532736
340423583984374976
