1408409727489673984
1174974937279251968
8673477172851562496
7327900000000000000
8966045270094931968
3562347305250062336
8200200000000000000
2385993008832053248
4663336676653793280
7218000000000000000
2539328224823212544
2824878692626953216
4346677327854305280
1548956796838739968
7561779022216797184
1632419279208652032
1537990570068359424
440790000000000000
2295494079589843712
7637105621551546368
417158310416213824
997120000000000000
3605201870454259712
451450622306200384
5958938598632812544
4856765914980675584
99991
7980941489653940224
6060336842828627968
4661400000000000000
6253107345115578368
2878468664959434752
1788965169977950208
2828122391473044992
4518377063647805440
6139467667930338304
867213448382661632
9049601498895876096
2588866098296258560
251998463593414656
7384903125970870272
5972336055846699008
1163441631861407744
3985756038967066624
807977161935028224
329866739259015168
1238059595439915776
5382474583512711168
1118606520670227968
752211812711572608
1353596932767587328
3436598359404576768
5702753396902068224
1812839587504979968
99967
1412863645599137792
5430215250701975552
1683679961447695360
4914482724623876096
2006700000000000000
3456090501541789696
5460614548186726400
