4650463000621837312
1129198475576875008
2986027290434994176
4439520728931858432
1991200000000000000
99986
1638585267547668480
1470947265624999936
99982
1568288850873679872
99992
1959145629050405120
3191609576550039552
4478266879466536960
6832101372209397760
6616350802560679936
4038602965844492288
8277458948692799488
1275541316911260416
987200000000000000
8282119714734342144
563583272118910976
7899836847339587584
100000
5381801554707742720
8664989471435546624
847653790833669888
1244109469188096000
8773803710937499648
6512500000000000000
5455800000000000000
2606487274169922048
715446472167968768
3927018844497641472
686601171950744448
635513331282479872
307518549245047872
1482986293737874944
99991
1708922544540614656
5794162395588853760
5918785441527496704
5406093597412109312
198766157736783584
4997601331987168256
2505077404195594240
597606559928811520
2507167986305990656
8406352996826171392
468560000000000000
99981
6655757299300171776
99992
9116035764622679040
5338313670805946368
933350255369953792
1145462417724014592
5757738623402508288
2681320213268614144
5998432242445503488
99986
5955500000000000000
3705758805884141568
7768709357214105600
99997
7858040947524373504
4317378997802734592
2493135718534104576
6292650670208757760
99978
8676470218096115712
3285058358396583936
5319877059831398400
1573550672928833536
1562960176930095104
8430738502437568512
5515721246661672960
894779983290889600
1835797776738287616
95279279616557056
2870655059814453248
2228929971827507200
8918534637077135360
7864700000000000000
710686220230917376
1098121845078491136
9201979938624765952
1838607788085937408
6314269239078695936
1742822687048204288
942287445068359424
240503719079004992
9149062643003162624
6514105017270534144
536861419677734400
6924988114523914240
4058006685992838656
8307299775606423552
3714047615363973120
6828859808560587776
