1454700000000000000
4179340454199820288
2711694741258371072
1507351854857380352
7353305816650390528
3128528594970703360
6022106115586827264
1416622495981005056
7449964723712779264
7012104619815862272
440895366645153792
5016949215750311936
99994
1448124949570363648
1182460902596973056
573899478006439680
630164124964355712
9019021203762839552
729861186483075712
5664300000000000000
2859222813426843648
1134014129638671872
714355808546193408
1754152054860808192
6423100000000000000
5463938863527794688
3209800000000000000
377193761964971328
6019623851934089216
6039100000000000000
1066058528401182592
2935082747717222400
3609800000000000000
5715300000000000000
1304160184272416768
5546760559082031104
5970506468498079744
7348776904569913344
8689429338922566656
3497060878627613184
8734700000000000000
