71
628
145
132
235
195
109
79
275
262
118
107
160
124
86
162
116
151
110
260
113
250
112
147
130
170
203
262
255
120
103
169
207
203
109
86
129
204
94
182
150
163
119
269
224
148
359
352
242
187
165
100
75
112
280
140
216
98
118
80
256
158
228
151
188
226
87
193
173
214
236
118
157
226
236
85
88
105
240
271
209
253
172
179
82
141
135
83
318
187
268
115
129
199
172
280
268
269
132
135
112
229
95
114
101
204
162
60
189
142
131
332
178
145
288
339
68
298
96
128
151
379
88
233
69
117
133
203
203
113
149
183
108
126
128
151
242
103
84
165
128
154
168
117
91
61
260
230
146
177
179
155
148
211
85
109
86
269
194
110
254
161
87
151
322
188
202
81
224
120
176
111
101
227
307
140
258
95
146
206
111
261
164
190
244
241
124
355
74
126
146
147
179
63
172
124
64
457
93
104
96
129
233
75
74
257
87
164
100
228
189
207
139
116
137
71
200
249
127
347
253
178
493
44
239
224
238
125
151
52
117
228
182
328
140
111
191
86
166
150
85
294
335
133
180
48
216
335
104
231
102
202
207
170
114
189
221
491
295
127
111
186
271
409
80
139
223
189
324
66
211
135
170
280
164
83
257
133
317
118
148
259
182
106
180
171
163
110
79
147
219
262
95
204
200
204
126
258
180
146
212
171
122
246
117
294
209
160
227
191
167
297
153
150
152
204
628
133
379
94
172
272
299
236
158
173
187
132
318
150
108
142
248
216
396
182
192
202
99
367
185
138
251
134
166
221
153
253
239
163
80
184
174
57
175
238
48
101
211
85
212
87
470
172
245
118
108
173
71
316
181
75
150
190
107
143
128
288
80
261
155
229
201
203
113
160
228
491
205
217
151
195
274
199
171
202
138
176
173
108
126
145
177
245
142
149
230
197
85
147
66
227
139
172
161
110
117
130
96
255
137
176
262
131
182
111
171
266
92
268
88
187
154
48
152
128
230
144
75
154
150
492
130
133
116
100
168
175
99
166
158
176
101
102
94
127
203
87
236
123
215
94
92
179
74
148
131
182
141
253
41
200
86
219
70
67
106
233
146
64
84
117
206
118
237
253
139
136
269
270
196
143
285
131
160
125
63
180
189
77
167
195
142
236
211
211
204
158
227
150
168
56
244
162
271
137
170
201
197
132
132
143
189
152
51
110
160
288
283
203
188
195
137
200
133
281
69
95
56
276
139
184
239
123
181
119
150
117
189
44
133
188
351
318
146
192
208
328
125
118
207
118
66
158
211
159
210
141
246
225
165
167
160
258
151
272
165
126
109
263
58
191
187
174
86
275
299
351
185
123
409
243
101
119
218
92
203
202
164
166
114
108
169
114
126
286
128
196
227
204
237
193
244
123
194
205
355
126
191
111
168
119
296
313
141
144
118
277
164
191
69
199
236
226
186
129
79
148
136
140
272
165
171
162
107
210
141
75
68
211
94
172
197
138
167
32
75
324
91
110
226
205
148
171
60
193
151
70
191
146
163
189
194
278
173
332
182
113
175
169
133
133
201
236
250
87
129
266
263
167
198
134
317
281
103
119
165
96
103
208
300
204
61
187
217
242
128
91
194
290
238
165
132
339
127
138
94
102
154
64
120
234
258
105
295
199
219
179
137
135
216
320
167
45
64
134
151
159
44
223
167
75
187
65
174
136
77
245
90
127
99
135
269
242
263
61
211
49
175
191
129
150
163
161
258
123
214
133
96
214
191
136
207
497
176
311
80
205
132
77
160
347
179
94
205
119
190
66
311
275
100
256
355
142
148
163
126
122
100
166
131
202
115
125
242
164
110
108
115
101
290
202
146
185
144
154
215
182
628
162
175
324
125
164
146
168
159
306
182
209
132
152
161
232
136
115
161
136
195
227
183
388
230
187
164
97
242
144
89
182
229
179
140
180
174
311
190
179
254
175
144
114
416
288
175
241
165
211
258
349
103
94
139
122
120
117
176
154
139
164
147
125
85
115
122
69
137
63
209
77
126
177
121
79
226
203
188
248
153
205
179
179
253
319
96
203
203
146
497
190
44
149
134
211
164
188
73
266
136
154
92
254
244
96
168
301
296
126
245
231
174
291
128
269
223
196
124
107
193
61
100
138
172
142
288
131
190
216
178
275
193
167
379
246
106
194
117
134
252
225
111
127
191
122
177
277
155
84
133
174
259
335
74
125
126
188
226
112
174
269
317
107
269
151
183
91
126
251
49
135
171
139
184
128
168
105
133
72
508
256
141
100
64
335
64
133
127
251
80
387
120
183
272
140
102
172
169
64
253
127
96
153
258
125
111
128
203
317
102
112
219
103
153
87
245
284
200
86
184
149
134
196
80
120
133
188
182
222
178
231
213
49
174
332
96
198
226
85
220
283
122
228
205
165
96
102
105
231
197
220
257
301
209
101
135
174
181
200
174
111
281
143
187
96
183
173
86
117
86
48
142
76
120
174
197
123
268
231
331
491
151
238
142
193
91
391
165
167
175
120
254
143
115
194
114
144
102
199
160
116
141
256
181
210
219
109
157
112
141
174
134
266
196
197
182
233
203
204
160
219
242
148
246
248
56
153
123
185
150
204
120
161
351
163
98
197
198
87
137
203
210
96
215
211
242
197
48
94
179
156
275
131
114
153
127
180
145
296
329
111
193
225
187
96
299
163
141
139
182
272
241
226
48
126
211
156
118
65
249
221
97
119
298
136
64
210
90
254
178
84
313
124
497
187
76
96
153
174
225
163
186
90
277
166
187
127
158
92
135
108
120
93
205
165
188
172
457
164
101
202
149
207
87
141
165
118
211
259
144
117
69
233
140
219
215
173
226
92
172
76
178
256
65
162
112
145
95
69
154
77
187
235
211
184
59
177
88
325
140
80
109
150
69
100
185
135
342
141
381
280
143
189
167
90
104
128
173
143
393
228
86
147
115
80
116
197
133
218
174
222
214
268
44
187
195
227
259
219
275
145
170
89
92
134
181
75
222
178
122
325
287
114
238
126
182
101
216
207
153
91
298
131
141
106
159
271
126
137
83
79
128
188
220
124
68
258
230
91
208
176
138
176
121
201
391
123
125
211
152
241
85
236
203
335
184
182
168
191
163
281
126
82
88
497
198
237
175
131
126
69
260
234
237
210
224
118
126
297
131
167
202
136
82
132
227
294
63
113
142
172
281
158
266
201
319
241
164
105
63
324
272
103
88
111
89
77
132
167
167
227
480
160
201
166
257
227
261
242
176
154
78
223
221
126
60
75
199
116
219
119
125
126
79
142
152
223
116
229
179
156
167
174
181
164
207
45
282
239
469
195
182
123
368
133
234
123
105
171
154
236
174
259
99
135
127
73
124
63
203
325
212
207
100
221
210
151
103
210
171
208
230
166
48
249
78
117
206
124
206
165
102
118
94
284
198
88
179
171
74
194
176
189
194
160
157
137
254
260
33
157
275
200
310
108
161
137
164
175
200
272
48
118
102
210
123
118
180
159
240
164
194
141
179
226
250
137
210
203
146
179
75
152
309
215
223
110
219
290
196
246
243
101
154
87
85
111
160
128
321
141
87
311
163
92
325
158
391
161
176
169
117
235
89
381
111
74
230
202
287
181
101
145
87
200
273
219
108
146
129
68
197
182
92
128
216
112
144
149
219
77
201
255
123
203
119
48
154
169
203
186
158
457
220
120
280
118
153
130
171
63
191
246
284
200
143
121
170
391
148
263
176
100
150
103
176
204
69
64
97
277
115
364
142
342
225
184
87
217
196
183
212
106
239
313
239
184
256
122
262
288
133
214
141
183
250
239
226
61
124
106
163
233
160
239
132
96
247
225
89
171
106
124
89
126
179
352
187
157
204
125
197
177
141
174
119
163
125
169
112
145
96
120
183
87
174
162
64
173
128
211
140
175
114
291
133
109
275
149
265
249
124
92
141
204
213
205
220
177
168
65
178
141
79
180
469
211
282
101
136
150
283
312
102
60
211
342
167
102
258
125
283
263
376
141
183
223
164
247
75
201
75
125
215
206
284
89
145
133
125
213
403
139
311
302
137
177
74
181
224
120
184
136
103
238
163
258
132
98
467
139
311
121
210
139
92
100
100
102
254
128
137
108
203
240
160
261
148
242
305
266
109
91
110
237
184
99
111
263
173
209
213
166
197
264
318
480
187
218
156
96
173
179
136
80
234
146
146
174
132
67
206
100
71
217
224
243
84
260
94
225
142
172
83
165
255
101
169
151
264
87
131
122
153
116
125
271
278
119
256
364
127
217
146
189
271
294
244
226
227
255
111
299
101
474
166
64
101
130
163
171
197
226
103
191
176
191
335
107
90
210
161
165
110
85
101
109
324
89
113
63
256
125
133
122
261
164
105
153
246
243
173
321
128
158
111
187
186
123
225
140
171
66
174
94
266
213
103
200
269
124
349
199
151
296
51
80
98
197
59
223
188
100
228
145
188
151
247
103
102
113
133
171
220
191
376
180
207
122
199
268
61
186
113
236
236
149
257
160
330
150
136
220
199
200
224
316
223
72
228
135
113
141
128
136
469
214
219
272
174
223
222
117
154
141
158
281
165
126
164
280
148
155
176
163
118
218
196
71
209
169
105
174
59
87
59
195
172
186
121
175
98
191
160
157
87
101
269
90
107
142
167
55
105
249
224
134
183
132
193
173
250
144
111
239
162
123
208
278
139
164
232
113
124
191
182
135
218
134
125
269
508
300
168
143
48
96
167
145
393
296
206
290
211
180
48
113
101
100
237
152
122
153
68
227
185
70
180
71
236
193
143
177
100
66
88
102
102
254
171
128
175
280
388
103
255
80
171
260
266
94
307
263
184
247
105
302
266
169
133
131
154
302
228
194
133
285
135
193
205
199
203
116
151
238
98
149
101
220
219
236
122
231
67
154
107
124
284
104
114
149
234
114
137
167
60
102
187
250
234
111
174
117
145
125
233
234
229
108
82
297
153
141
268
177
282
133
104
160
268
121
125
153
355
177
166
183
258
146
117
296
168
174
167
232
250
203
141
211
307
237
216
139
174
286
132
180
192
103
134
76
244
115
80
51
52
160
155
320
217
329
233
234
126
183
173
98
250
135
128
92
316
99
129
172
203
165
123
52
206
74
112
188
53
131
233
223
111
69
269
136
207
121
128
189
212
155
168
134
108
271
174
174
206
200
138
191
313
105
188
272
217
280
64
95
187
104
154
218
173
91
125
297
235
57
126
109
229
182
159
90
267
200
83
141
120
135
114
296
311
164
175
192
126
156
153
118
182
201
206
259
104
211
349
263
351
154
189
100
202
134
129
258
121
100
82
238
149
203
99
131
289
257
296
269
207
189
253
207
223
80
240
149
146
131
58
287
352
135
196
236
160
152
170
143
115
32
133
199
238
215
109
81
101
233
127
187
160
251
236
120
164
194
264
174
221
85
49
55
180
200
103
126
215
142
282
196
197
179
135
226
70
92
135
125
199
142
75
234
218
265
147
200
49
258
151
164
122
236
119
165
247
152
186
154
259
177
244
271
110
158
169
146
173
173
254
174
258
174
133
231
146
189
85
226
146
241
180
113
100
82
172
161
197
354
162
410
296
140
151
89
217
89
257
221
295
186
122
154
98
98
114
119
172
242
148
93
291
98
194
242
197
225
269
202
234
145
296
109
187
117
172
150
86
258
121
194
227
118
197
184
200
132
187
104
175
127
214
161
104
275
193
122
102
240
120
317
244
246
164
128
94
276
160
189
106
269
269
156
109
83
129
201
128
367
254
165
149
168
278
107
314
210
288
208
171
296
145
80
78
325
126
183
99
179
228
109
82
233
199
112
127
133
258
105
107
189
165
227
197
158
85
258
155
145
245
118
391
98
83
474
193
249
199
71
118
177
120
115
139
119
174
143
120
94
113
213
122
122
162
161
121
112
173
162
138
117
126
195
115
128
76
182
174
277
200
131
376
193
154
153
324
181
128
152
480
210
131
199
140
249
124
158
256
133
82
275
200
125
77
131
71
256
157
142
90
256
123
201
301
225
120
146
241
188
115
147
327
195
124
179
158
291
153
57
169
118
184
212
167
248
165
136
173
245
88
87
133
231
388
161
215
132
121
86
256
457
177
215
117
269
89
179
129
185
80
194
126
209
94
132
261
86
94
228
91
230
87
150
352
102
174
187
138
205
288
219
469
101
258
306
159
301
313
178
217
198
201
64
102
76
196
79
278
178
167
534
89
140
272
58
229
78
68
175
149
137
130
174
268
316
93
146
276
158
96
107
187
81
102
138
258
274
125
307
90
93
85
93
178
174
364
176
229
111
153
124
215
133
164
163
224
156
246
114
159
88
171
137
121
44
151
184
331
138
266
211
126
151
185
102
167
94
75
100
126
109
160
165
272
90
159
173
240
152
150
128
160
177
128
250
260
127
118
211
180
184
107
108
186
205
79
221
172
187
194
202
184
230
101
96
104
212
135
126
110
132
61
201
218
75
165
165
108
144
210
275
177
88
177
110
124
332
70
121
113
159
153
133
168
152
63
121
247
186
189
195
115
269
79
160
123
326
136
238
202
167
166
84
283
197
77
151
75
153
237
192
87
265
403
393
410
135
99
154
250
148
107
305
224
113
167
173
102
135
88
125
175
212
146
100
216
189
89
240
206
192
133
206
78
100
274
129
76
44
229
133
190
218
187
278
84
226
259
224
168
150
287
183
246
184
469
75
332
269
493
209
179
81
136
147
268
157
351
274
131
155
241
217
150
231
88
209
156
153
137
196
148
148
227
171
158
181
196
127
108
71
290
331
254
198
166
226
194
203
72
388
186
154
191
215
148
316
169
280
79
161
230
121
68
123
180
103
160
92
367
103
344
215
223
192
115
161
132
246
185
107
127
74
130
115
94
124
111
171
170
160
96
218
106
133
158
154
121
253
155
126
174
130
209
146
397
183
80
140
240
197
79
111
316
51
191
187
182
178
119
209
156
170
219
107
188
180
182
198
138
156
182
258
198
237
194
179
237
277
183
139
346
156
118
250
263
226
275
98
217
163
264
174
153
161
218
94
253
250
239
335
207
160
230
150
227
158
132
169
155
137
134
232
164
58
159
112
107
197
171
253
167
242
221
224
121
173
58
113
137
66
125
158
118
175
87
196
84
173
197
119
166
48
253
146
128
232
84
131
211
247
134
156
203
125
138
61
205
301
257
305
165
153
133
122
75
139
296
34
284
68
88
120
189
126
91
148
48
272
153
187
238
108
197
94
82
205
294
183
131
92
155
77
143
199
176
191
284
86
195
131
183
288
134
149
87
133
102
294
134
129
105
153
125
153
215
124
237
117
163
49
117
291
271
155
91
196
305
62
139
192
136
151
182
261
189
150
133
161
163
221
255
215
96
335
148
119
128
186
145
209
125
131
106
95
75
131
190
202
146
192
55
75
98
109
174
173
141
70
387
150
165
44
190
200
133
261
221
165
236
150
125
72
197
207
215
176
316
61
99
216
284
87
106
213
192
403
168
64
77
190
354
261
200
154
98
254
111
221
138
141
169
254
128
256
64
224
296
44
130
74
125
148
107
205
65
137
180
266
497
128
107
133
211
250
226
136
149
158
120
229
168
236
110
172
259
155
190
203
203
217
167
167
134
71
161
290
150
129
171
136
167
57
148
200
140
101
162
307
99
233
267
142
245
87
226
218
148
75
172
312
409
171
191
320
219
147
307
227
146
174
98
209
208
139
111
155
157
138
85
164
91
108
197
284
209
182
320
144
228
175
90
232
118
149
470
236
120
87
189
339
76
183
299
281
87
214
153
187
38
199
44
115
163
169
200
112
222
123
153
310
159
66
359
133
207
328
154
188
298
184
82
217
170
202
184
131
199
64
301
88
251
138
136
82
146
64
174
140
299
136
162
198
131
65
293
104
197
177
160
122
69
207
196
55
150
265
250
237
223
269
325
171
213
164
151
140
111
98
114
242
130
91
80
156
103
285
414
181
172
113
324
200
167
155
197
183
317
206
153
262
393
188
77
129
53
129
97
140
230
216
190
175
105
154
250
128
83
91
194
194
75
108
207
104
159
255
115
269
75
139
245
48
250
118
226
296
272
174
149
284
257
180
103
190
254
102
182
182
113
145
142
91
221
136
90
165
167
102
262
175
198
194
161
225
299
205
168
269
156
162
101
150
118
200
266
153
118
202
89
187
225
86
219
177
128
174
177
200
98
202
158
133
34
204
199
240
221
96
155
142
152
136
210
393
107
112
223
64
215
193
227
196
100
236
132
113
187
168
208
183
231
183
180
117
131
143
230
215
197
269
195
324
260
196
240
148
154
174
153
294
113
131
110
176
105
110
107
174
352
195
141
250
183
100
90
253
177
139
207
296
261
179
188
138
165
196
134
219
107
58
189
234
153
164
71
96
110
342
186
190
98
139
127
254
94
183
57
200
301
158
88
127
321
155
144
180
203
307
143
141
114
267
78
212
164
296
126
258
316
165
75
249
207
222
129
131
136
75
130
218
224
165
105
203
158
119
168
196
160
170
248
129
256
172
69
171
127
177
129
79
117
118
240
63
137
197
236
100
290
136
253
166
255
218
182
223
200
130
152
58
114
148
101
188
88
180
516
217
174
235
492
211
108
187
255
141
193
264
204
97
124
170
129
376
98
264
194
263
108
196
70
109
153
253
117
170
138
129
201
102
140
157
179
170
266
191
230
339
99
200
214
231
275
116
91
194
148
122
239
128
324
199
94
259
70
220
146
296
344
92
185
160
204
205
342
110
181
237
200
125
75
128
206
86
92
126
246
173
131
170
135
106
211
105
167
249
191
139
154
162
218
164
100
213
42
467
73
178
124
249
132
149
78
140
132
238
359
200
195
42
203
223
177
172
300
142
