0
0
18
2
15
8
13
2
0
0
0
5
0
10
15
0
3
45
42
0
12
2
27
0
11
9
8
1
15
1
1
0
20
13
12
3
88
14
18
6
36
18
2
6
0
0
17
1
19
0
6
0
14
51
12
17
15
13
9
34
31
39
21
2
0
29
21
0
89
0
7
9
0
3
16
13
12
22
2
11
0
0
2
0
39
0
10
5
4
2
46
16
0
35
0
4
0
1
0
13
4
8
9
3
0
10
0
27
7
21
1
2
13
14
20
5
6
14
0
9
0
0
13
0
10
0
8
0
3
13
0
0
32
12
5
0
8
0
0
12
6
58
25
21
0
16
30
39
0
9
21
1
24
26
0
4
24
11
13
10
17
7
13
8
7
0
14
16
26
0
2
12
0
0
0
0
0
1
24
0
0
11
30
0
0
0
39
19
5
4
0
18
17
25
17
36
1
12
8
0
10
12
8
74
0
10
6
15
15
4
3
11
13
0
6
2
15
5
33
17
3
9
0
12
19
8
13
0
4
24
11
0
15
70
14
10
11
0
10
29
2
0
9
0
33
3
5
22
13
0
0
0
5
15
43
16
4
8
0
0
2
1
34
44
3
10
2
13
12
0
0
8
28
11
8
9
13
9
0
0
0
14
0
2
7
31
11
0
8
5
4
11
0
13
23
0
7
4
8
20
6
3
10
0
23
28
0
9
0
1
9
33
34
0
60
0
5
39
9
18
27
6
26
28
0
13
0
13
10
7
19
0
40
11
2
0
8
1
0
0
11
19
32
12
0
1
2
0
8
0
0
21
13
12
0
39
39
34
120
0
0
0
9
32
0
13
8
0
12
1
18
19
7
3
27
22
29
0
42
7
15
2
1
3
3
0
8
32
4
33
31
0
24
7
23
0
0
18
27
0
19
0
17
21
23
17
